date,state_code,state,county,cum_cases,daily_cases,cum_deaths,daily_deaths,testing_method,cum_positive,daily_positives,cum_total_tests,daily_total_tests,cases_rate_per_100k,%_positivity,daily_tests_per_100k,comments
01-04-2021,CA,California,Ventura,,,,,Specimens,,43,,3022,,1.422898743,,
01-03-2021,CA,California,Ventura,,,,,Specimens,,616,,5982,,10.29755934,,
01-02-2021,CA,California,Ventura,,,,,Specimens,,1224,,7702,,15.89197611,,
01-01-2021,CA,California,Ventura,,,,,Specimens,,142,,881,,16.11804767,,
12/31/2020,CA,California,Ventura,,,,,Specimens,,1174,,8663,,13.55188734,,
12/30/2020,CA,California,Ventura,,,,,Specimens,,1189,,9380,,12.67590618,,
12/29/2020,CA,California,Ventura,,,,,Specimens,,1694,,10921,,15.51140005,,
12/28/2020,CA,California,Ventura,,,,,Specimens,,878,,7142,,12.29347522,,
12/27/2020,CA,California,Ventura,,,,,Specimens,,953,,5340,,17.84644195,,
12/26/2020,CA,California,Ventura,,,,,Specimens,,1159,,6649,,17.43119266,,
12/25/2020,CA,California,Ventura,,,,,Specimens,,101,,650,,15.53846154,,
12/24/2020,CA,California,Ventura,,,,,Specimens,,259,,2841,,9.116508272,,
12/23/2020,CA,California,Ventura,,,,,Specimens,,744,,8170,,9.106487148,,
12/22/2020,CA,California,Ventura,,,,,Specimens,,1091,,9466,,11.52545954,,
12/21/2020,CA,California,Ventura,,,,,Specimens,,608,,7230,,8.409405256,,
12/20/2020,CA,California,Ventura,,,,,Specimens,,214,,2615,,8.183556405,,
12/19/2020,CA,California,Ventura,,,,,Specimens,,455,,4681,,9.720145268,,
12/18/2020,CA,California,Ventura,,,,,Specimens,,584,,6767,,8.630116743,,
12/17/2020,CA,California,Ventura,,,,,Specimens,,762,,8312,,9.16746872,,
12/16/2020,CA,California,Ventura,,,,,Specimens,,594,,6965,,8.528356066,,
12/15/2020,CA,California,Ventura,,,,,Specimens,,886,,8350,,10.61077844,,
12/14/2020,CA,California,Ventura,,,,,Specimens,,959,,8697,,11.02679085,,
12/13/2020,CA,California,Ventura,,,,,Specimens,,422,,3708,,11.38079827,,
12-12-2020,CA,California,Ventura,,,,,Specimens,,580,,4646,,12.48385708,,
12-11-2020,CA,California,Ventura,,,,,Specimens,,826,,7369,,11.20911928,,
12-10-2020,CA,California,Ventura,,,,,Specimens,,853,,8566,,9.957973383,,
12-09-2020,CA,California,Ventura,,,,,Specimens,,660,,6822,,9.674582234,,
12-08-2020,CA,California,Ventura,,,,,Specimens,,567,,5771,,9.824987004,,
12-07-2020,CA,California,Ventura,,,,,Specimens,,504,,5820,,8.659793814,,
12-06-2020,CA,California,Ventura,,,,,Specimens,,344,,3453,,9.962351578,,
12-05-2020,CA,California,Ventura,,,,,Specimens,,353,,3551,,9.940861729,,
12-04-2020,CA,California,Ventura,,,,,Specimens,,719,,8600,,8.360465116,,
12-03-2020,CA,California,Ventura,,,,,Specimens,,402,,6343,,6.337695097,,
12-02-2020,CA,California,Ventura,,,,,Specimens,,631,,7812,,8.077316948,,
12-01-2020,CA,California,Ventura,,,,,Specimens,,803,,8814,,9.110506013,,
11/30/2020,CA,California,Ventura,,,,,Specimens,,732,,8521,,8.590541016,,
11/29/2020,CA,California,Ventura,,,,,Specimens,,272,,3051,,8.9151098,,
11/28/2020,CA,California,Ventura,,,,,Specimens,,287,,3369,,8.518848323,,
11/27/2020,CA,California,Ventura,,,,,Specimens,,510,,5656,,9.016973126,,
11/26/2020,CA,California,Ventura,,,,,Specimens,,22,,366,,6.010928962,,
11/25/2020,CA,California,Ventura,,,,,Specimens,,344,,6075,,5.66255144,,
11/24/2020,CA,California,Ventura,,,,,Specimens,,396,,7931,,4.993065187,,
11/23/2020,CA,California,Ventura,,,,,Specimens,,359,,7945,,4.518565135,,
11/22/2020,CA,California,Ventura,,,,,Specimens,,153,,2686,,5.696202532,,
11/21/2020,CA,California,Ventura,,,,,Specimens,,140,,3164,,4.424778761,,
11/20/2020,CA,California,Ventura,,,,,Specimens,,362,,7623,,4.748786567,,
11/19/2020,CA,California,Ventura,,,,,Specimens,,342,,7415,,4.612272421,,
11/18/2020,CA,California,Ventura,,,,,Specimens,,264,,6671,,3.957427672,,
11/17/2020,CA,California,Ventura,,,,,Specimens,,346,,7031,,4.92106386,,
11/16/2020,CA,California,Ventura,,,,,Specimens,,339,,6536,,5.186658507,,
11/15/2020,CA,California,Ventura,,,,,Specimens,,87,,2165,,4.018475751,,
11/14/2020,CA,California,Ventura,,,,,Specimens,,142,,2390,,5.941422594,,
11/13/2020,CA,California,Ventura,,,,,Specimens,,251,,5539,,4.531503882,,
11-12-2020,CA,California,Ventura,,,,,Specimens,,200,,5022,,3.982477101,,
11-11-2020,CA,California,Ventura,,,,,Specimens,,146,,4286,,3.406439571,,
11-10-2020,CA,California,Ventura,,,,,Specimens,,203,,4883,,4.15728036,,
11-09-2020,CA,California,Ventura,,,,,Specimens,,206,,4926,,4.181892002,,
11-08-2020,CA,California,Ventura,,,,,Specimens,,39,,1228,,3.175895765,,
11-07-2020,CA,California,Ventura,,,,,Specimens,,72,,1506,,4.780876494,,
11-06-2020,CA,California,Ventura,,,,,Specimens,,182,,4440,,4.099099099,,
11-05-2020,CA,California,Ventura,,,,,Specimens,,143,,4541,,3.149086104,,
11-04-2020,CA,California,Ventura,,,,,Specimens,,116,,4160,,2.788461538,,
11-03-2020,CA,California,Ventura,,,,,Specimens,,117,,4044,,2.893175074,,
11-02-2020,CA,California,Ventura,,,,,Specimens,,177,,4840,,3.657024793,,
11-01-2020,CA,California,Ventura,,,,,Specimens,,39,,1222,,3.191489362,,
10/31/2020,CA,California,Ventura,,,,,Specimens,,51,,1194,,4.271356784,,
10/30/2020,CA,California,Ventura,,,,,Specimens,,79,,3413,,2.314679168,,
10/29/2020,CA,California,Ventura,,,,,Specimens,,77,,2928,,2.629781421,,
10/28/2020,CA,California,Ventura,,,,,Specimens,,57,,3205,,1.778471139,,
10/27/2020,CA,California,Ventura,,,,,Specimens,,85,,3467,,2.451687338,,
10/26/2020,CA,California,Ventura,,,,,Specimens,,94,,3380,,2.781065089,,
10/25/2020,CA,California,Ventura,,,,,Specimens,,26,,1044,,2.490421456,,
10/24/2020,CA,California,Ventura,,,,,Specimens,,32,,1240,,2.580645161,,
10/23/2020,CA,California,Ventura,,,,,Specimens,,37,,2441,,1.515772224,,
10/22/2020,CA,California,Ventura,,,,,Specimens,,70,,3371,,2.076535153,,
10/21/2020,CA,California,Ventura,,,,,Specimens,,71,,3459,,2.052616363,,
10/20/2020,CA,California,Ventura,,,,,Specimens,,68,,3150,,2.158730159,,
10/19/2020,CA,California,Ventura,,,,,Specimens,,84,,3858,,2.177293935,,
10/18/2020,CA,California,Ventura,,,,,Specimens,,30,,845,,3.550295858,,
10/17/2020,CA,California,Ventura,,,,,Specimens,,27,,1169,,2.309666382,,
10/16/2020,CA,California,Ventura,,,,,Specimens,,62,,2631,,2.356518434,,
10/15/2020,CA,California,Ventura,,,,,Specimens,,58,,2561,,2.264740336,,
10/14/2020,CA,California,Ventura,,,,,Specimens,,55,,3251,,1.691787142,,
10/13/2020,CA,California,Ventura,,,,,Specimens,,57,,3207,,1.777362021,,
10-12-2020,CA,California,Ventura,,,,,Specimens,,59,,3460,,1.705202312,,
10-11-2020,CA,California,Ventura,,,,,Specimens,,14,,876,,1.598173516,,
10-10-2020,CA,California,Ventura,,,,,Specimens,,21,,1646,,1.27582017,,
10-09-2020,CA,California,Ventura,,,,,Specimens,,60,,3154,,1.902346227,,
10-08-2020,CA,California,Ventura,,,,,Specimens,,53,,3431,,1.544739143,,
10-07-2020,CA,California,Ventura,,,,,Specimens,,64,,3705,,1.727395412,,
10-06-2020,CA,California,Ventura,,,,,Specimens,,72,,2984,,2.412868633,,
10-05-2020,CA,California,Ventura,,,,,Specimens,,75,,3869,,1.938485397,,
10-04-2020,CA,California,Ventura,,,,,Specimens,,32,,925,,3.459459459,,
10-03-2020,CA,California,Ventura,,,,,Specimens,,33,,1714,,1.925320887,,
10-02-2020,CA,California,Ventura,,,,,Specimens,,52,,3023,,1.720145551,,
10-01-2020,CA,California,Ventura,,,,,Specimens,,39,,2656,,1.468373494,,
09/30/2020,CA,California,Ventura,,,,,Specimens,,53,,2795,,1.896243292,,
09/29/2020,CA,California,Ventura,,,,,Specimens,,98,,2775,,3.531531532,,
09/28/2020,CA,California,Ventura,,,,,Specimens,,84,,3395,,2.474226804,,
09/27/2020,CA,California,Ventura,,,,,Specimens,,20,,716,,2.793296089,,
09/26/2020,CA,California,Ventura,,,,,Specimens,,41,,1844,,2.223427332,,
09/25/2020,CA,California,Ventura,,,,,Specimens,,99,,2808,,3.525641026,,
09/24/2020,CA,California,Ventura,,,,,Specimens,,42,,2757,,1.523394995,,
09/23/2020,CA,California,Ventura,,,,,Specimens,,39,,2737,,1.424917793,,
09/22/2020,CA,California,Ventura,,,,,Specimens,,75,,2754,,2.723311547,,
09/21/2020,CA,California,Ventura,,,,,Specimens,,74,,3132,,2.362707535,,
09/20/2020,CA,California,Ventura,,,,,Specimens,,22,,749,,2.937249666,,
09/19/2020,CA,California,Ventura,,,,,Specimens,,51,,1909,,2.671555788,,
09/18/2020,CA,California,Ventura,,,,,Specimens,,97,,2768,,3.50433526,,
09/17/2020,CA,California,Ventura,,,,,Specimens,,78,,2541,,3.069657615,,
09/16/2020,CA,California,Ventura,,,,,Specimens,,59,,2796,,2.110157368,,
09/15/2020,CA,California,Ventura,,,,,Specimens,,96,,3039,,3.15893386,,
09/14/2020,CA,California,Ventura,,,,,Specimens,,119,,3527,,3.373972214,,
01-06-2021,IL,Illinois,Chicago,211328,1192,4255,8,Not Specified,,,2630204,12647,,9.425160117,,
01-05-2021,IL,Illinois,Chicago,210136,1202,4247,17,Not Specified,,,2617557,13051,,9.210022221,,
01-04-2021,IL,Illinois,Chicago,208934,1005,4230,21,Not Specified,,,2604506,11265,,8.921438083,,
01-03-2021,IL,Illinois,Chicago,207929,853,4209,28,Not Specified,,,2593241,6901,,12.36052746,,
01-02-2021,IL,Illinois,Chicago,207076,890,4181,0,Not Specified,,,2586340,13722,,6.485934995,,
01-01-2021,IL,Illinois,Chicago,206186,1272,4181,26,Not Specified,,,2572618,16940,,7.508854782,,
12/31/2020,IL,Illinois,Chicago,204914,1391,4155,17,Not Specified,,,2555678,14298,,9.728633375,,
12/30/2020,IL,Illinois,Chicago,203523,1177,4138,36,Not Specified,,,2541380,11739,,10.0264077,,
12/29/2020,IL,Illinois,Chicago,202346,903,4102,14,Not Specified,,,2529641,10644,,8.483652762,,
12/28/2020,IL,Illinois,Chicago,201443,722,4088,7,Not Specified,,,2518997,11679,,6.182036133,,
12/27/2020,IL,Illinois,Chicago,200721,761,4081,25,Not Specified,,,2507318,10169,,7.483528371,,
12/26/2020,IL,Illinois,Chicago,199960,771,4056,15,Not Specified,,,2497149,13805,,5.584932995,,
12/25/2020,IL,Illinois,Chicago,199189,1024,4041,26,Not Specified,,,2483344,16188,,6.325673338,,
12/24/2020,IL,Illinois,Chicago,198165,1112,4015,22,Not Specified,,,2467156,17709,,6.279293015,,
12/23/2020,IL,Illinois,Chicago,197053,1071,3993,27,Not Specified,,,2449447,14196,,7.544378698,,
12/22/2020,IL,Illinois,Chicago,195982,1067,3966,21,Not Specified,,,2435251,15249,,6.997180143,,
12/21/2020,IL,Illinois,Chicago,194915,1013,3945,25,Not Specified,,,2420002,20882,,4.851067905,,
12/20/2020,IL,Illinois,Chicago,193902,1132,3920,16,Not Specified,,,2399120,15589,,7.261530566,,
12/19/2020,IL,Illinois,Chicago,192770,1267,3904,3,Not Specified,,,2383531,17407,,7.27868099,,
12/18/2020,IL,Illinois,Chicago,191503,1385,3901,43,Not Specified,,,2366124,16090,,8.607830951,,
12/17/2020,IL,Illinois,Chicago,190118,1829,3858,26,Not Specified,,,2350034,15319,,11.93942163,,
12/16/2020,IL,Illinois,Chicago,188289,1209,3832,24,Not Specified,,,2334715,15651,,7.724746023,,
12/15/2020,IL,Illinois,Chicago,187080,1197,3808,3,Not Specified,,,2319064,16716,,7.16080402,,
12/14/2020,IL,Illinois,Chicago,185883,1691,3805,43,Not Specified,,,2302348,19129,,8.83998118,,
12/13/2020,IL,Illinois,Chicago,184192,1473,3762,10,Not Specified,,,2283219,11353,,12.97454417,,
12-12-2020,IL,Illinois,Chicago,182719,1724,3752,3,Not Specified,,,2271866,19040,,9.054621849,,
12-11-2020,IL,Illinois,Chicago,180995,1836,3749,51,Not Specified,,,2252826,18608,,9.86672399,,
12-10-2020,IL,Illinois,Chicago,179159,2098,3698,36,Not Specified,,,2234218,18926,,11.08527951,,
12-09-2020,IL,Illinois,Chicago,177061,1309,3662,17,Not Specified,,,2215292,12616,,10.37571338,,
12-08-2020,IL,Illinois,Chicago,175752,1179,3645,18,Not Specified,,,2202676,15891,,7.41929394,,
12-07-2020,IL,Illinois,Chicago,174573,1862,3627,25,Not Specified,,,2186785,15948,,11.6754452,,
12-06-2020,IL,Illinois,Chicago,172711,1649,3602,13,Not Specified,,,2170837,15159,,10.87802626,,
12-05-2020,IL,Illinois,Chicago,171062,1896,3589,30,Not Specified,,,2155678,18440,,10.28199566,,
12-04-2020,IL,Illinois,Chicago,169166,1757,3559,19,Not Specified,,,2137238,19663,,8.935564258,,
12-03-2020,IL,Illinois,Chicago,167409,2227,3540,11,Not Specified,,,2117575,18147,,12.27200088,,
12-02-2020,IL,Illinois,Chicago,165182,1441,3529,37,Not Specified,,,2099428,14057,,10.25112044,,
12-01-2020,IL,Illinois,Chicago,163741,1965,3492,14,Not Specified,,,2085371,17415,,11.2833764,,
11/30/2020,IL,Illinois,Chicago,161776,974,3478,24,Not Specified,,,2067956,11229,,8.673969187,,
11/29/2020,IL,Illinois,Chicago,160802,1198,3454,11,Not Specified,,,2056727,10353,,11.57152516,,
11/28/2020,IL,Illinois,Chicago,159604,1200,3443,30,Not Specified,,,2046374,14685,,8.171603677,,
11/27/2020,IL,Illinois,Chicago,158404,,3413,,Not Specified,,,2031689,,,,,
